227 613 910 501 1209 337 1341 753 1051 779 
1031 208 18 551 1603 200 5 169 1105 684 
780 1300 1647 1959 431 275 635 849 434 1315 
560 1960 1850 568 621 1021 823 722 657 1896 
1868 366 1879 867 671 1189 1743 466 1725 726 
1288 1966 516 1754 422 774 674 1830 63 140 
1608 829 447 524 599 838 59 1306 1911 837 
1298 631 1175 664 464 1824 878 624 1580 643 
480 122 1233 1390 1596 1497 1626 886 834 1410 
1015 1088 818 116 940 1456 815 98 1512 748 
1155 750 82 828 1340 291 16 929 1636 47 
1839 1070 1579 459 952 588 1417 575 662 1230 
1545 1016 452 229 1112 259 1690 1093 1301 1975 
1593 417 870 1948 432 1731 971 796 1237 725 
67 1210 972 270 729 1952 1656 1644 730 330 
510 71 75 228 316 1976 1996 1748 353 1036 
1586 1008 907 1494 1931 550 1331 884 214 693 
1369 317 1590 1135 602 1588 616 701 1291 1126 
375 1064 277 918 1519 1756 552 1715 1149 1275 
1937 1798 1771 322 752 1749 251 1334 1190 794 
736 485 537 307 745 1427 1024 765 1329 1459 
1805 800 1226 1802 1470 390 540 668 271 1897 
210 1109 1371 329 1887 265 968 1426 1401 1352 
1814 467 1915 1118 1722 504 1406 1708 1463 184 
858 483 1365 1616 272 925 980 321 547 372 
1965 639 1629 1311 931 723 562 1827 892 90 
846 1018 1957 1252 1838 326 601 513 1618 296 
885 1476 822 853 1562 627 1717 1699 1204 1522 
1874 710 1241 347 119 1106 1089 783 804 65 
473 724 911 1127 1169 1928 1394 1006 114 335 
851 1870 811 1336 1163 1511 297 88 70 1201 
770 1875 1067 1193 595 992 482 572 1811 647 
842 1538 1865 1170 1598 830 1485 112 1092 89 
1757 1409 1619 160 494 1481 1183 1375 1991 1110 
1631 699 1832 1658 1212 843 1741 1477 1096 1353 
1433 1367 1551 1047 1920 1013 1548 323 1925 584 
460 625 1607 327 1909 592 737 496 1648 876 
1523 1104 1312 1961 532 727 61 861 489 785 
1398 80 1098 535 964 1614 15 1956 143 1852 
1388 1878 1143 1244 586 1709 1627 637 1065 198 
913 1068 611 784 720 875 1114 666 1471 1132 
1737 472 1518 1894 1759 1451 1480 694 1962 900 
250 1843 1979 1310 1453 349 915 771 1464 1793 
377 11 166 1866 1228 403 1446 52 1981 416 
1885 1899 606 394 997 1269 1589 1988 577 623 
7 230 213 1080 1489 1317 1784 640 1335 25 
1473 1883 175 1213 1356 1907 1286 680 1707 1780 
1313 170 1483 264 1478 162 1726 734 567 958 
778 1222 74 1270 1864 932 1440 1299 499 386 
1998 1558 418 821 1569 1284 921 1630 413 261 
1688 1414 440 1102 1505 1348 1801 402 1557 181 
808 1192 995 1421 646 1820 938 862 1249 188 
1176 1218 19 352 1546 363 192 486 1710 1520 
324 315 1851 1825 1591 685 1196 304 1431 1342 
669 1412 13 244 824 756 1969 1695 165 399 
1257 1407 1191 1293 802 42 93 1752 1290 1428 
1262 1556 1549 1223 1000 364 999 233 1848 1124 
702 104 1829 1157 610 488 1148 1457 1705 1138 
1404 1005 761 204 1721 1668 1380 292 686 946 
34 1621 1122 1444 332 1543 1663 1628 356 1045 
1541 713 237 268 1462 1324 1693 86 651 1712 
1653 362 6 1250 587 381 558 1033 1434 341 
1239 1035 253 481 663 1097 450 1809 1742 269 
531 1670 1200 189 1140 1235 1900 814 820 497 
914 222 1612 1415 476 185 791 576 40 1379 
777 1622 1794 57 816 1144 1246 1697 751 1066 
1924 1049 1199 1082 1929 840 1429 1074 733 1381 
280 981 943 302 1823 1542 1071 1377 580 382 
479 1465 1361 1339 1891 14 1584 922 295 1032 
1253 1760 571 340 906 1729 1657 1537 956 564 
1604 904 183 1761 274 48 707 1683 945 1714 
825 1854 223 1501 1666 1153 290 258 705 1724 
655 172 51 109 179 1278 1970 195 950 573 
518 245 706 97 612 1133 325 1646 419 444 
690 10 1651 888 129 1374 1989 293 1039 1587 
111 484 836 190 1575 1147 1530 633 294 461 
1056 301 1791 1055 220 231 123 249 1366 1990 
398 502 960 1703 1571 373 1454 855 665 1482 
232 1116 1565 847 1073 134 1561 442 872 744 
1309 1029 1276 977 614 620 1849 1020 1181 803 
412 1158 1817 1320 1700 1468 841 1416 1202 1762 
1677 1582 1650 1264 470 866 1355 1772 517 1510 
234 1099 1610 1123 379 430 1867 53 194 255 
1025 996 1880 1750 1779 1694 1869 1165 740 439 
746 988 197 1326 203 1767 1314 1595 107 1254 
1086 1605 1395 267 743 132 1917 1659 1768 475 
928 1302 64 1003 1704 739 60 582 1393 1146 
1266 917 845 387 1488 1179 1173 1753 1345 1091 
1963 96 648 1943 936 298 893 1479 1231 1685 
1364 874 790 1889 421 1221 1641 130 457 1307 
1973 963 1077 1720 252 1567 1758 1111 1831 1443 
1265 1912 487 539 218 33 344 1217 678 1958 
1472 521 1474 1028 1881 1009 358 1384 1090 1087 
1184 305 1304 1023 891 812 768 817 157 1014 
716 1383 474 445 424 1332 54 446 148 1884 
509 365 1026 131 1261 1368 1674 566 1919 456 
1125 520 1916 370 1027 942 1072 1100 1936 703 
1145 556 679 176 1359 1297 1514 1734 844 1044 
607 12 1774 772 1362 355 1922 156 1835 1042 
1803 1751 1418 1601 1316 1711 281 1397 998 285 
