2416
9787
5394
960
49
3549
4727
3253
8380
7594
8949
8926
6198
8175
3168
6558
5384
1880
3591
1347
9308
2186
3572
6028
9142
652
2140
8126
2285
9377
5139
9935
6106
7623
2799
3444
6255
4908
8129
2828
9194
840
9934
5074
7189
9154
3813
8130
4796
7059
251
3679
7010
50
8669
4415
515
7270
5604
7980
9873
5766
5618
4755
1696
8264
3231
2356
3006
6579
6035
215
2686
2328
4229
463
9354
5022
1165
5480
3262
8535
1111
2499
6444
1320
1466
8033
9612
6947
9864
135
7192
8969
4615
1172
5431
8451
7483
8149
3997
9503
3839
9661
7981
884
4764
3042
1128
1512
5853
9192
6192
6610
6551
3771
7427
6381
6218
8751
9775
4041
2810
6050
971
6269
9927
3692
5013
2795
1467
7479
2314
6222
3888
1182
5768
8121
2172
8600
5305
9419
5240
1392
6061
8516
3580
5263
102
3272
8833
7741
9442
7710
7258
6339
3125
1369
5254
5175
1254
1581
3083
6602
7795
2023
3382
6180
2666
6654
6938
9954
8666
5393
4631
5100
6021
4611
8230
110
4369
7273
7953
5255
7290
3184
9847
7458
8509
6809
2230
193
3490
1536
2943
7217
316
3201
4076
501
7021
3743
3456
3496
3840
5626
2786
5555
7839
7658
3855
4459
9386
7288
4189
2559
4133
7173
7947
1154
2855
4180
6863
7419
1630
7599
5182
2807
7918
508
5897
2258
4211
6348
1614
3359
2521
1264
3738
3923
2518
4441
4011
1602
4658
420
3586
6800
6355
6077
9691
1803
8424
1334
3939
9638
7198
2052
2278
7673
6013
7260
1460
930
906
6030
5474
958
6167
8438
1441
8597
6492
9564
9217
2696
2874
6064
9015
7251
404
9958
7039
5244
2432
4794
4269
9881
3207
8918
8282
6633
3058
5721
5736
241
1242
6957
9856
5211
4150
8180
4522
5804
5257
3579
38
3630
7399
5621
6925
3647
2402
7880
9213
4137
628
1908
4558
9850
3560
4928
1225
302
966
57
9471
6979
8063
938
748
5934
290
5090
4276
8510
4184
6423
6171
7752
7313
1644
3595
2085
9692
2260
6577
4241
6308
8290
1291
517
1163
2496
1990
7474
9403
1561
3395
5123
9741
6190
9729
9530
8242
292
5381
6278
2124
2354
24
4157
3488
893
1314
3757
9435
6628
2095
5396
3751
2291
5212
7299
7459
4084
4539
9569
6495
5673
80
970
8229
8128
1874
297
9426
7782
1321
5367
587
9407
4367
8722
1506
3594
2612
1954
1474
4174
3664
5983
7353
249
2044
6006
1323
1953
5645
2006
8421
705
2212
1375
3130
5672
602
3202
1217
4501
8164
3845
1115
3198
6401
3224
828
8818
3457
312
1125
4625
4247
4255
1520
7899
5980
7182
6003
5236
4204
6082
3263
2914
5492
3503
4971
4183
4833
8838
6015
3206
6589
9753
2954
6682
9657
6835
2895
6221
7879
744
3779
7324
9845
6594
2627
1613
1423
880
1488
1026
9085
4572
5268
3715
4902
3249
7124
6769
4439
2393
499
3781
9480
6338
2997
9447
3982
9605
5600
4458
2750
7111
7646
8675
6257
6631
7946
377
1573
8602
7653
4678
1914
6027
5821
5847
1374
6557
4224
1586
5631
9139
6407
5649
1807
4901
3170
9307
5617
7410
3844
2340
4081
3356
352
7295
7315
7806
7675
3155
5728
5912
3084
8735
1211
5351
1022
3652
4588
5747
1243
6785
8122
3483
7771
5545
1124
6295
6844
9804
5172
6262
9219
5849
9583
160
2990
3047
7696
5848
9461
7989
4006
9186
3430
2167
5369
7362
255
6378
5121
2818
2867
1623
7314
4635
4259
7620
9735
349
3302
8718
6899
9212
7050
7051
4097
7408
8691
7650
2002
6755
2255
1274
2248
9067
8687
3625
4419
5546
2403
4950
2778
1482
7498
2033
4724
6649
5653
4749
1412
9381
6767
507
4024
7942
1247
4158
1560
8476
6271
477
9610
8676
6836
1220
7954
659
2200
731
2091
1660
7216
5678
1699
3195
6089
9424
7903
2802
2081
758
9011
2448
9706
3228
6685
3163
820
713
816
6214
3935
994
2769
3329
2250
7528
513
2215
3057
9187
4336
3467
1501
1929
5439
510
181
1351
393
1141
5061
9574
6612
5913
8794
6243
7540
2840
9571
2649
7390
2174
641
4545
4531
7935
9522
5248
8596
368
3447
8067
3959
9756
1827
6876
5442
9388
3571
7749
813
1784
4346
8769
7999
3721
8410
1468
1620
2956
1813
2458
3150
5764
3506
9762
4632
3009
7120
4178
2223
9252
4375
7489
576
6276
7325
3665
8808
2948
929
8207
7561
9325
4686
6967
8049
5643
725
4785
8823
4706
6002
4329
933
7177
8847
4194
6963
9013
327
9852
697
5955
5548
7301
4868
3215
9942
4481
7076
1686
5031
2629
5409
1564
3879
854
8342
2713
8617
4437
6993
8790
6487
138
897
4925
5799
5978
4239
4960
9032
2607
2048
7705
8159
768
9216
6743
4130
6053
9150
5873
9341
9396
8346
5110
5812
2654
6870
7613
6794
9048
4195
4132
1493
7338
2594
2845
2978
5746
436
2755
5414
8169
6928
1967
7636
2702
8221
6347
2917
6643
1411
7080
1455
2459
4108
3448
2848
3624
7098
4274
8613
7297
5465
1594
6253
8483
593
5010
8903
4813
7549
7430
4126
6344
2294
2901
8982
3381
882
2542
2151
3091
4867
8915
4767
5132
4855
7914
6585
5921
3867
2915
6981
6100
4063
7574
2653
872
9004
7367
9434
9816
1257
9036
7074
1276
696
4431
2673
46
1459
8703
1523
9525
1192
4681
1669
1823
2669
6902
8189
4373
4120
3064
473
3345
3903
1597
7635
76
3848
2614
7487
8044
1679
2762
1249
909
5382
687
4404
4038
3039
9336
5446
3610
2195
4144
7377
5291
6059
172
6803
6195
7225
3131
5126
8755
5449
146
3740
3024
3232
711
2019
7442
1395
6244
2345
1010
9693
4304
1266
5754
9356
5835
4731
7800
1469
7648
5273
1733
3128
3417
2679
9489
8717
9858
4474
2601
5935
2066
4734
7165
8142
342
7064
3098
5383
3501
647
5059
6826
118
8157
9296
6983
2502
1769
747
6142
5961
